000000000000000000000000000000000000000000000000
000000000000000000000001100000000000000000000000
000000000000000000000000000100000000000000000000
000000000000000000000001100010000000000000000000
000000000000000000000010011000000000000000000000
000000000000000000000100010100000000000000000000
000000000000000000000100000010000000000000000000
000000000000000000000101000010000000000000000000
000000000000000000001101010010000000000000000000
000000000000000000011110010010000000000000000000
000000000000000000011111100111000000000000000000
000000000000000000111111111111000000000000000000
000000000000000000111111111111000000000000000000
000000000000000000111111111111000000000000000000
000000000000000000111011111111000000000000000000
000000000000000000011011011110000000000000000000
000000000000000000011111011110000000000000000000
000000000000000000001111111110000000000000000000
000000000000000000000111111100000000000000000000
000000000000000000000111111100000000000000000000
000000000000000000000110011001110000000000000000
000000000000000111001010011011111110000000000000
000000000000011111111010111111110111000000000000
000000000000110111110110111111001111000000000000
000000000001111001100100111100111111000000000000
000000000001111110010001110011111110100000000000
000000000001011111101101111111111100100000000000
000000000001101111000001111111100011100000000000
000000000011101011100001110100100111110000000000
000000000011110001011101111000111111111000000000
000000000011111001000001111111111111111000000000
000000000011111111100001111111111111101000000000
000000001111111111110010111111111111001100000000
000000011111101111111100011001001001011110000000
000000010111110101010001110010010011111010000000
000000001001111110001110100010111111100100000000
000000011010011111111111111111111110010110000000
000000010110100111111111111111111001011010000000
000000100101101001111111111111100101101001000000
000000001001011010011111111110010110100100000000
000000000010010110100111111001011010010000000000
000000000000100101101001100101101001000000000000
000000000000001001011010010110100100000000000000
000000000000000010010111111010010000000000000000
000000000000000000100101101001000000000000000000
000000000000000000001000000100000000000000000000
000000000000000000000000000000000000000000000000
000000000000000000000000000000000000000000000000
