111111100111111111111111111110011111111111111111
111111000011111111111111111110011111111111111111
111111000011111111111111111100001111111111111111
111111000001111111111111111000001111111111111111
111111000001100000000000011000001111111111111111
111110000000000000000000000000001111111111111111
111110000000000000000000000000001111111111111111
111110000000000000000000000000000111111111111111
111100000000000000000000000000000111111111111111
111000000000000000000000000000000011111111111111
110000000000000000000000000000000001111111111111
100000000000000000000000000000000001111111111111
100000000000000000000000000000000000111111111111
000000000000000000000000000000000000111111111111
000000000000010000000000000000010000011111111111
000010000000001000000010000000001000011111111111
000010000000001000000010000000001000011111111111
000000000000010000000000000000010000011111111111
000000000000000000000000000000000000010000011111
000000000000000000000000000000000000000000000111
000000000000000000000000000000000000000000000011
000000000000000000000000000000000000000000000001
100000000000000000000000000000000000000111100000
100000000000000000000000000000000000001111110000
110000000000000000000000000000000000001111111000
111000000000000000000000000000000100011111111000
111110000000000000000000000000001100011111111000
111111000000000000000000000000111100001111100000
111111111000000000000000000111111100001110000000
111111111111111110000001111111111100001100000001
111111111111111110000000111111111100011100000111
111111111111111110000000011111111000011111111111
111111111111111100000000011111111000011111111111
111111111111111100000000001111111000011111111111
111111111111111100000000001111110000111111111111
111111111111111100000000000111100000111111111111
111111111111111100000000000110000001111111111111
111111111111111100000000000000000011111111111111
111111111111111000000000000000001111111111111111
111111111111111000000000000000011111111111111111
111111111111111000000000000011111111111111111111
111111111111111000000000001111111111111111111111
