11111111111111111111111111111111111111111111111111111111111111111111111111111111111
11111111111111111111111111111111111111111111111111111111111111111111111111111111111
11111111111111111111111111111111111111111111111111111111111111111111111111111111111
11111111111111111111100000000000000000000000000000000000000000111111111111111111111
11111111111111111111000000000000000000000000000000000000000000011111111111111111111
11111111111111111111000000000000000000000000000000000000000000011111111111111111111
11111111111111111100000000000000000000000000000000000000000000000111111111111111111
11111111111111111100011111111111111111111111111111111111111111000111111111111111111
11111111111111110000011111111111111111111111111111111111111111100001111111111111111
11111111111111110001111111111111111111111111111111111111111111110000111111111111111
11111111111111110001111111111111111111111111111111111111111111110000111111111111111
11111111111111110001111111111111111111111111111111111111111111110000111111111111111
11111111111111110001111111111111111111111111111111111111111111110000111111111111111
11111111111111110001111111111111111111111111100000111111111111110000110000011111111
11111111111111110001111111111111111111111111100000111111111111110000110000011111111
11111111111111110001111111111111111111111110000000001111111111110000100000000111111
11111111111111110001111111111111111111111110011111000111111111110000001111000011111
11111111111111110001111111111111111111111110011111000111111111110000001111000011111
11111111111111110001111111111111111111111110011111110001111111110000111111000011111
11111111111111110001111111111111111111111110011111110001111111110000111111000011111
11111111111111110001111111111111111111111110011111111000000000000001111111000011111
11110000011111110001111111111111111111111110011111111110000000000111111111000011111
11110000011111110001111111111111111111111110011111111110000000000111111111000011111
10000000000111110001111111111111111111111110011111111111111111111111111111000011111
10001111000111110001111111111111111111111110011111111111111111111111111111000011111
10001111000000000001111111111111111111110000011111111111111111111111111111000001111
10001111000000000001111111111111111111110001111111111111111111111111111111111000111
10001111000000000001111111111111111111110001111111111011111111111111110011111000111
11000011100000100001111111111111111111110001111111010001111111111110110011111000111
11110011111111110001111111111111111111110001111111110001111111111110110011111000111
11110001000111110001111111111111111111110001111111000001111111000110000011111000111
11111100000111110001111111111111111111110001111111000001111111000110000011111000111
11111100000111110001111111111111111111110001111111000001111111000110000011111000111
11111100000000000001111111111111111111110001111111111111111111111111111111111000111
11111111111000000001111111111111111111110001111111111111111111111111111111111000111
11111111111000000001111111111111111111110001111111111001111100111110001111111000111
11111111111111110001111111111111111111110001111111110001111100111110001111111000111
11111111111111110001111111111111111111110000011111110000000000000000001111100000111
11111111111111110001111111111111111111111110011111110000000000000000001111000011111
11111111111111110001111111111111111111111110011111110000000000000000001111000011111
11111111111110000001111111111111111111111110000011111000000000000000001100000111111
11111111111110000001111111111111111111111111100011111111111111111111111100011111111
11111111111110000001111111111111111111111111100011111111111111111111111100011111111
11111111111000110000011111111111111111111111111000000000000000000000000011111111111
11111111111000110000011111111111111111111111111000000000000000000000000011111111111
11111111000001110000000000000000000000000000000000000000000000000000111111111111111
11111111000111111100000000000000000000000000000000000000000000010000111111111111111
11111111000111111100000000000000000000000000000000000000000000010000111111111111111
11111111000111110001000011110001111111111111100011110001100011110000111111111111111
11111111000111110001000111110001111111111111100011110001100011110000111111111111111
11111111000000001111000000000111111111111111100000000111111000000000111111111111111
11111111000000001111000000000111111111111111100000000111111100000000111111111111111
11111111000000001111000000000111111111111111100000000111111100000000111111111111111
11111111111111111111111111111111111111111111111111111111111111111111111111111111111
11111111111111111111111111111111111111111111111111111111111111111111111111111111111
11111111111111111111111111111111111111111111111111111111111111111111111111111111111
