111111111111111110000000001111111111111111111111
111111111111111000000001001111111111111111111111
111111111111111000000000000111111111111111111111
111111111111110000000000000011111111111111111111
111111111111100000000100010011111111111111111111
111111111111100000000000000011111111111111111111
111111111111100000000000000011111111111111111111
111111111111000100100000011111111111111111111111
111111111111000100000000001111111111111111111111
111111111111000000000000000111111111111000111111
111111111111000000000000000011100000000100111111
111111111111000001000000000010000000000000011111
111111111111000001000000000110000000000000011111
111111111111000000101100011110000000000000011111
111111111111000000100111111110000000000000011111
111111111111000000100111111110000000000000111111
111111111111100000000011111100000000000000111111
111111111111100000010001111100000000000001111111
111111111111100100000001111100000100010001111111
111111111111110000000100111110000100010001111111
111111111111111000000100011110000000000001111111
111111111111111000000010011110000000000011111111
111111111111111100000011001100000111110111111111
111111111111111110011001000100000000000111111111
111111111111111111000001100100000000111111111111
111111111111111111000000100010011000010111111111
111111111111111111100000110010001000001111111111
111111111111111111100000110011000100000111111111
111111111111111111100000110011100100000111111111
111111111111111111101000110011110000000011111111
111111111111111111000000110011110010000011111111
111111111111111111000000110010000000000000111111
111111100111111110000000110000000000000000000011
111100000000011100001001100000000000000000000001
110000000000000000010001100000001000000000000000
100000000000000000000001100000000000000000000000
000000000000000000000001000000000100000000000100
000000000000000010000001000000010001110001110000
000000000000011000000011000000100000100000100000
000001000000000000010110000001000000000000000000
000000000000000000011100000001000000100000000000
000000000000000000011000001001000001100000000000
000010000000011101100001111100000011000000000001
100000000000010000000011111110000000000000000011
100000000000000000000111111111100000000000001111
