111111111111111111111111111111111110011111111000
111111111111111111111111111111111110001111110000
111111111111111111111111111111111110000111100000
111111111111111111111111111111111110000000000000
111111111111111111111111111111111110000000000000
111111111111111111111111111111111110000000000000
111111111111111111111111111111111110000000000000
111111111111111111111111111111111111000000000000
111111111111111111111111111111111111000000000001
111111111111111111111111111111111111000000000001
111111111111111111111111111111111111000000000001
111111111111111111111111111111111110000000000011
111111111111111111111111111111111100000000000011
111111111111111111111111111111110000000000000011
111111111111111111111111111110000000000000000011
111111111111111111111111110000000000000000000111
111111111111111111111111000000000000000000000111
111111111111111111111110000000000000000000000111
111111111111111111111000000000000000000000000111
111111111111111111110000000000000000000000000111
111111111111111111110000000000000000000000000111
111111111111111111100000000000000000000000000111
111111111111111111000000000000000000000000000111
111111111111111111000000000000000000000000001111
111111111111111110000000000000000000000000011111
111111111111111110000000000000000000000000011111
111111111111111100000000000000000000000000111111
111111111111111100000000000000000000000001111111
111000000111111100000000000000000000000011111111
110000000111111100000000000000000000000011111111
100000001111111100000000000000000000000111111111
000001111111111100000000000000000000000111111111
000011111111111100000000000000000000000111111111
000011111111111100000000000000000000000111111111
000111111111111100000000000000000000000111111111
000111111111111100000000000000000000000111111111
000111111111111100000000000000000000000011111111
000011111111111100000000000000000100000011111111
000001111111111100000000000000000100000000111111
000000000000000000000000000000000110000000111111
100000000000000000000000000000000110000000111111
110000000000000000000000000000000111100000111111
111100000000000000000000000000111111111111111111
