1111111111111111111111111111111111111111111111111111111111111111111111
1111111111111111111111111111111111111111111111111111111111111111111111
1111111111111111111111111111111111111111111111111111111111111111111111
1111111111110001111111110000111111111111111111111111111111111111111111
1111111111100000111111110010011111111111111111111111111111111111111111
1111111111001110011111100111001111111111111111111111111111111111111111
1111111111011111001111001111100000000000000011111111111111111111111111
1111111110011111000000001111110000111111100000011111111111111111111111
1111111110111111111111111111111111111111111110000111111111111111111111
1111111100111111111111111111111111111111111111110011111111111111111111
1100000000111111111111111111111000001111111111111001111111111111111111
1100000001111101111111111111100011111111111111111100111111111111111111
1111111001111000111001110001101100011111111111111110011111111101111111
1100000011110000110000110001110000000111111111111111001111111000011111
1111110011111000110000110001100111111111111111111111101111110011011111
1111110011111111111111111111111111111111111111111111100111100111011111
1111110111111111111111111111111111111111111111111111100111101111011111
1111110111111111111111111111111111111111111111111111110111001110011111
1111110111111111111111111111111111111111111111111111110110011110011111
1111100111111111111111111111111111111111111111111111110000111100111111
1111100111111111111111111111111111111111111111111111110011111001111111
1111100111111111111111111111111111111111111111111111111111110011111111
1111100111111111111111111111111111111111111111111111111111000111111111
1111100111111111111111111111111111111111111111111111111100011111111111
1111100111111111111111111111111111111111111111111111111001111111111111
1111100111111111111111111111111111111111111111111111111011111111111111
1111100111111111111111111111111111111111111111111111110011111111111111
1111110111111111111111111111111111111111111111111111110011111111111111
1111110111111111111111111111111111111111111111111111110011111111111111
1111110011111111111111111111111111111111111111111111110111111111111111
1111110011111111111111111111111111111111111111111111100111111111111111
1111111011111111111111111111111111111111111111111111100111111111111111
1111111001111111111111111111111111111111111111111111101111111111111111
1111111101111111111111111111111111111111111111111111001111111111111111
1111111100111111111111111111111111111111111111111111001111111111111111
1111111110011111111111111111111111111111111111111110011111111111111111
1111111111001111111111111111111111111111111111111110111111111111111111
1111111111100111111111111111111111111111111111111100111111111111111111
1111111111110011100000011100000000001111000000110001111111111111111111
1111111111111011000000011000000000000110000000010011111111111111111111
1111111111111001011111001001111111110000111111000111111111111111111111
1111111111111100011111100011111111111001111111111111111111111111111111
1111111111111111111111111111111111111111111111111111111111111111111111
1111111111111111111111111111111111111111111111111111111111111111111111
1111111111111111111111111111111111111111111111111111111111111111111111
1111111111111111111111111111111111111111111111111111111111111111111111
1111111111111111111111111111111111111111111111111111111111111111111111
1111111111111111111111111111111111111111111111111111111111111111111111
