111111111111111111111111111111111111111111111111111111111111111111111111111111111111
111111111111111111111111111111111111111111111111111111111111111111111111111111111111
111111111111111111111111111111111111111111111111111111111111111111111111111111111111
111111111111111111111111111111111111111111111111111111111111111111111111111111111111
111111111111111111111111111111111111111111111111111111111111111111111111111111111111
111111111111111111111111111111111111111111111111111111111111111111111111111111111111
111111111111111111111111111111111111111111111111111111111111111111111111111111111111
111111111111111111111110000111111111111111111111111111111000011111111111111111111111
111111111111111111111000110001111111111111111111111111100011000111111111111111111111
111111111111111111110011111100111111111111111111111111001111110011111111111111111111
111111111111111111110110000110111111110000000011111111011000011011111111111111111111
111111111111111111100100000110111111100000000001111110011000001001111111111111111111
111111111111111111100100000010011111100000000001111110010000001001111111111111111111
111111000111111111100100000110111111111000000111111110011000011001111111111000111111
111111100000011111110110001110111111111110001111111111011000011011111110000001111111
111111111111000001110011111100111111111111111111111111001111110011100000111111111111
111111111111111100011000110001111111111111111111111111100011000110001111111111111111
111111111111111111011110000111111111111111111111111111111000011110111111111111111111
111000000000000000111111111111111111111111111111111111111111111111000000000000000111
111111111111111111111111111111111110000000000000000111111111111111111111111111111111
111111111111110000011111111100000000000000011000000000000111111110000011111111111111
111111110000000000011111000000010011111110011111111001100000011110000000000011111111
111110000011111111110000011111110011111110011111111001111111000001111111110000011111
111110111111111110000110111111110011111110011111111001111111001000011111111111111111
111111111111111000111110111111110011111110011111111001111111001110001111111111111111
111111111111111100001110111111110011111110011111111001111111001000011111111111111111
111111111111111111100000111111110011111110011111111001111111000001111111111111111111
111111111111111111111000000111110011111110011111111001111100001111111111111111111111
111111111111111111111111000000010011111110011111111000000001111111111111111111111111
111111111111111111111111111100000000000000000000000000111111111111111111111111111111
111111111111111111111111111111111100000000000000111111111111111111111111111111111111
111111111111111111111111111111111111111111111111111111111111111111111111111111111111
111111111111111111111111111111111111111111111111111111111111111111111111111111111111
111111111111111111111111111111111111111111111111111111111111111111111111111111111111
111111111111111111111111111111111111111111111111111111111111111111111111111111111111
111111111111111111111111111111111111111111111111111111111111111111111111111111111111
111111111111111111111111111111111111111111111111111111111111111111111111111111111111
111111111111111111111111111111111111111111111111111111111111111111111111111111111111
